##-- Rouge-1 --##
rouge_1_r: 0.506909090909091
##-- Rouge-2 --##
rouge_2_r: 0.40309090909090906
##-- Rouge-l --##
rouge_l_r: 0.4966363636363637
##-- BLEU --##
Bleu_1: 0.38745454545454544
Bleu_2: 0.3340909090909091
Bleu_3: 0.3064545454545454
Bleu_4: 0.26627272727272727
##-- Meteor --##
Meteor: 0.4677272727272729
