##-- Rouge-1 --##
rouge_1_r: 0.44200549450549453
##-- Rouge-2 --##
rouge_2_r: 0.3358516483516483
##-- Rouge-l --##
rouge_l_r: 0.4287362637362637
##-- BLEU --##
Bleu_1: 0.3165659340659339
Bleu_2: 0.2652197802197805
Bleu_3: 0.23925824175824192
Bleu_4: 0.21140109890109907
##-- Meteor --##
Meteor: 0.397912087912088
