##-- Rouge-1 --##
rouge_1_r: 0.44098181818181775
##-- Rouge-2 --##
rouge_2_r: 0.33374545454545484
##-- Rouge-l --##
rouge_l_r: 0.4297454545454543
##-- BLEU --##
Bleu_1: 0.3114363636363634
Bleu_2: 0.2577090909090906
Bleu_3: 0.2309272727272727
Bleu_4: 0.20518181818181813
##-- Meteor --##
Meteor: 0.39005454545454543
