##-- Rouge-1 --##
rouge_1_r: 0.38457364341085276
##-- Rouge-2 --##
rouge_2_r: 0.2714728682170543
##-- Rouge-l --##
rouge_l_r: 0.37031007751938
##-- BLEU --##
Bleu_1: 0.24054263565891468
Bleu_2: 0.18387596899224806
Bleu_3: 0.14782945736434114
Bleu_4: 0.11627906976744187
##-- Meteor --##
Meteor: 0.32697674418604644
