##-- Rouge-1 --##
rouge_1_r: 0.39450450450450447
##-- Rouge-2 --##
rouge_2_r: 0.29504504504504503
##-- Rouge-l --##
rouge_l_r: 0.3861261261261262
##-- BLEU --##
Bleu_1: 0.28351351351351356
Bleu_2: 0.23414414414414414
Bleu_3: 0.21477477477477483
Bleu_4: 0.19540540540540552
##-- Meteor --##
Meteor: 0.3531531531531531
