##-- Rouge-1 --##
rouge_1_r: 0.4534722222222222
##-- Rouge-2 --##
rouge_2_r: 0.367361111111111
##-- Rouge-l --##
rouge_l_r: 0.44250000000000006
##-- BLEU --##
Bleu_1: 0.2993055555555556
Bleu_2: 0.26236111111111104
Bleu_3: 0.22930555555555554
Bleu_4: 0.19888888888888884
##-- Meteor --##
Meteor: 0.40874999999999995
