##-- Rouge-1 --##
rouge_1_r: 0.35909090909090907
##-- Rouge-2 --##
rouge_2_r: 0.20981818181818185
##-- Rouge-l --##
rouge_l_r: 0.3508181818181818
##-- BLEU --##
Bleu_1: 0.2204545454545455
Bleu_2: 0.14872727272727276
Bleu_3: 0.118
Bleu_4: 0.09281818181818183
##-- Meteor --##
Meteor: 0.28990909090909084
dff_len: 2.727272727272727
