##-- Rouge-1 --##
rouge_1_r: 0.321923076923077
##-- Rouge-2 --##
rouge_2_r: 0.1646978021978022
##-- Rouge-l --##
rouge_l_r: 0.3055769230769233
##-- BLEU --##
Bleu_1: 0.1966758241758241
Bleu_2: 0.1266208791208791
Bleu_3: 0.10085164835164834
Bleu_4: 0.08354395604395605
##-- Meteor --##
Meteor: 0.2429395604395605
dff_len: 3.3461538461538463
