##-- Rouge-1 --##
rouge_1_r: 0.3505818181818178
##-- Rouge-2 --##
rouge_2_r: 0.2135818181818182
##-- Rouge-l --##
rouge_l_r: 0.3387636363636359
##-- BLEU --##
Bleu_1: 0.22510909090909065
Bleu_2: 0.16449090909090908
Bleu_3: 0.1400727272727272
Bleu_4: 0.11947272727272731
##-- Meteor --##
Meteor: 0.28663636363636386
dff_len: 2.98
