##-- Rouge-1 --##
rouge_1_r: 0.3603100775193798
##-- Rouge-2 --##
rouge_2_r: 0.22751937984496126
##-- Rouge-l --##
rouge_l_r: 0.34139534883720923
##-- BLEU --##
Bleu_1: 0.2405426356589147
Bleu_2: 0.17379844961240315
Bleu_3: 0.14534883720930236
Bleu_4: 0.11317829457364342
##-- Meteor --##
Meteor: 0.29294573643410854
dff_len: 2.3255813953488373
