##-- Rouge-1 --##
rouge_1_r: 0.3106306306306307
##-- Rouge-2 --##
rouge_2_r: 0.12306306306306307
##-- Rouge-l --##
rouge_l_r: 0.2718018018018018
##-- BLEU --##
Bleu_1: 0.1463063063063063
Bleu_2: 0.07126126126126127
Bleu_3: 0.0381081081081081
Bleu_4: 0.02648648648648649
##-- Meteor --##
Meteor: 0.20927927927927922
dff_len: 4.657657657657658
