##-- Rouge-1 --##
rouge_1_r: 0.28041666666666665
##-- Rouge-2 --##
rouge_2_r: 0.11083333333333333
##-- Rouge-l --##
rouge_l_r: 0.2537499999999999
##-- BLEU --##
Bleu_1: 0.1611111111111111
Bleu_2: 0.07458333333333332
Bleu_3: 0.04305555555555555
Bleu_4: 0.02236111111111111
##-- Meteor --##
Meteor: 0.1980555555555556
dff_len: 3.638888888888889
