max_rev_len :1000 
min_rev_len :50 
mean_rev_len :231.93007165801828 
median_rev_len :170.0 



max_summary_len :61 
min_summary_len :5 
mean_summary_len :11.229219174697306 
median_summary_len :10.0 



max_FOP_keywords_num :132 
min_FOP_keywords_num :2 
mean_FOP_keywords_num :14.417852730417593 
median_FOP_keywords_num :10.0 



